      Assignment         w1         w2   Data Height 

              ?-?    120.779      8.631        16543 
              ?-?    130.071      8.921       992223 
              ?-?    110.856      6.932       264603 
              ?-?    129.121      8.786       614995 
              ?-?    110.885      6.880       290808 
              ?-?    111.057      6.762      2597877 
              ?-?    111.045      7.184      3137105 
              ?-?    111.121      6.877      3628711 
              ?-?    127.318      9.275       842972 
              ?-?    111.121      7.525      4227965 
              ?-?    126.698      7.574       336184 
              ?-?    126.547      7.897       777236 
              ?-?    111.241      6.699       282031 
              ?-?    111.401      6.703       294628 
              ?-?    111.410      6.814       339795 
              ?-?    126.243      8.793       279419 
              ?-?    111.407      7.427       366834 
              ?-?    125.751      7.869       668120 
              ?-?    125.669      7.523       457478 
              ?-?    111.436      6.875       629423 
              ?-?    111.481      6.929      3383351 
              ?-?    111.512      6.826       390010 
              ?-?    111.485      7.519      3502360 
              ?-?    111.962      6.871      2740223 
              ?-?    120.135      8.552        19716 
              ?-?    112.057      6.821      2883769 
              ?-?    120.457      8.589       112453 
              ?-?    112.051      7.293      1940853 
              ?-?    112.231      7.465      2261259 
              ?-?    111.887      6.699      3049006 
              ?-?    110.689      7.526       386405 
              ?-?    110.651      6.877       385493 
              ?-?    123.441      8.939       715231 
              ?-?    110.566      7.185       415935 
              ?-?    110.445      7.108      1632089 
              ?-?    108.788      7.638       207084 
              ?-?    110.442      6.603       773871 
              ?-?    122.596      8.067      1725757 
              ?-?    122.504      7.646       258145 
              ?-?    110.127      7.393      1641592 
              ?-?    117.010      8.515       263048 
              ?-?    117.491      7.789       418416 
              ?-?    117.568      7.835       323508 
              ?-?    122.214      8.012      1311423 
              ?-?    117.628      8.042       285001 
              ?-?    122.164      8.106       325948 
              ?-?    122.121      8.076       258593 
              ?-?    122.071      8.446       282400 
              ?-?    117.703      7.784       258245 
              ?-?    118.010      8.068       522665 
              ?-?    135.116      8.677            0 
              ?-?    118.055      7.739      2076511 
              ?-?    121.750      8.411       643150 
              ?-?    118.065      7.967       509733 
              ?-?    109.988      7.111       290023 
              ?-?    118.410      7.246       651846 
              ?-?    118.429      7.839       351083 
              ?-?    121.504      8.009       541948 
              ?-?    118.566      7.750       285185 
              ?-?    118.752      7.847       469367 
              ?-?    118.887      7.755       782255 
              ?-?    108.215      8.393       381578 
              ?-?    121.213      8.403      1690626 
              ?-?    119.256      7.844       601512 
              ?-?    119.575      8.228      1184612 
              ?-?    107.263      6.593       751171 
              ?-?    119.862      7.892      1955891 
              ?-?    119.950      7.840       558318 
              ?-?    120.013      8.050       318128 
              ?-?    120.171      7.458       379333 
            T2N-H    121.882      8.514      2511406 
            E3N-H    126.703      8.319      2585933 
            Y4N-H    122.012      8.712      1636379 
            K5N-H    123.693      9.114      2103229 
            L6N-H    126.298      9.234      1621216 
            V7N-H    121.781      8.085      1813515 
            V9N-H    120.465      9.086      1508682 
           G10N-H    107.257      7.754       858090 
           V14N-H    111.888      7.427      3928772 
           V14N-H    112.808      7.745      1064015 
           G15N-H    108.209      8.373       305140 
           K16N-H    122.162      9.044       151859 
           L19N-H    119.986      8.768      1851204 
           T20N-H    117.073      7.583       620459 
           L23N-H    120.534      7.657      1095373 
           I24N-H    113.998      8.056       875525 
           Q25N-H    116.309      8.919       670219 
           N26N-H    116.372      8.040      1904382 
           H27N-H    112.804      6.815       985430 
           F28N-H    122.334      8.310      1018202 
           Y40N-H    121.478      9.047       977092 
           K42N-H    122.595      8.685      1804195 
           Q43N-H    128.849      8.838      1643928 
           V44N-H    121.648      9.050      2584169 
           V45N-H    122.470      8.117      2463631 
           I46N-H    126.131      8.374      1753837 
           G48N-H    103.223      8.231      1035823 
           E49N-H    122.480      7.722      3111287 
           T50N-H    125.214      8.985      1361992 
           C51N-H    125.076      9.346      2100576 
           L52N-H    123.102      8.848      1957658 
           L53N-H    123.981      9.122      1713099 
           T58N-H    110.124      6.874      2799178 
           G75N-H    107.800      7.863      1983982 
           G77N-H    100.993      7.206      2372415 
           F78N-H    120.960      8.175      1197486 
           C80N-H    124.884      8.781      1949475 
           V81N-H    126.285      9.065       965016 
           F82N-H    123.721      9.332      1453859 
           A83N-H    121.490      8.786      1589745 
           I84N-H    113.431      8.472      1460993 
           N85N-H    117.008      7.944      3580923 
           N86N-H    118.995      7.865      2252144 
           K88N-H    124.242      8.412      2181294 
           S89N-H    114.295      7.970      1689954 
           F90N-H    124.759      7.465      1688998 
           E91N-H    121.605      8.358      1536779 
           D92N-H    117.241      8.594       935266 
           I93N-H    120.478      7.605      1461591 
           H94N-H    117.184      7.620      1064935 
           H95N-H    116.874      7.179      1225190 
           Y96N-H    118.881      7.808      1460899 
           R97N-H    118.462      8.514      1374303 
          K104N-H    116.239      8.115      1060074 
          D105N-H    120.849      7.959      2627792 
          S106N-H    109.269      7.608      3464812 
          D108N-H    120.538      8.348      2532159 
          V109N-H    121.675      7.586      3112915 
          M111N-H    122.881      8.295      1982727 
          V112N-H    118.081      8.119      1734601 
          L113N-H    128.796      8.961      1733963 
          V114N-H    127.926      9.218      1488614 
          G115N-H    113.376      8.228      1401979 
          N116N-H    121.400      8.832      1853227 
          K117N-H    111.983      7.340      1457844 
          C118N-H    113.931      8.663      1497543 
          D119N-H    116.773      8.596      1388352 
          L120N-H    121.536      7.829      2321309 
          S122N-H    113.143      7.241      2242890 
          R123N-H    120.282      7.837      2145352 
          T124N-H    114.496      9.085      1177554 
          V125N-H    124.041      7.572      1996539 
          D126N-H    128.320      8.577      2927224 
          T127N-H    121.472      8.695      1809925 
          K128N-H    120.389      8.402      3195000 
          Q129N-H    117.470      7.348      3064431 
          A130N-H    122.313      7.116      2793390 
          Q131N-H    117.811      8.417      2674328 
          D132N-H    120.341      8.493      2672015 
          L133N-H    123.519      7.565      2648756 
          A134N-H    121.492      8.257      2237183 
          R135N-H    118.108      8.463      2577273 
          S136N-H    117.554      7.962      2874184 
          Y137N-H    119.633      7.677      3467863 
          G138N-H    110.777      8.323      2020204 
          I139N-H    112.948      8.064      2091477 
          F141N-H    120.128      8.240      2008463 
          I142N-H    129.820      8.391      2042600 
          E143N-H    125.149      7.782      2402180 
          T144N-H    112.250      8.832      1595882 
          S145N-H    112.291      8.716      1236752 
          A146N-H    132.249      9.172      1915343 
          K147N-H    116.215      7.066      1185285 
          T148N-H    106.085      7.657      1154698 
          R149N-H    119.227      7.764      1400839 
          Q150N-H    124.106      7.814      2709619 
          G151N-H    115.190      8.901      1583988 
          V152N-H    120.491      7.051      1957500 
          D153N-H    117.047      7.961      3051946 
          D154N-H    116.127      8.004      2393719 
          A155N-H    124.673      8.611      2848616 
          F156N-H    112.906      7.251      2201359 
          Y157N-H    119.385      9.475      1454327 
          T158N-H    116.407      8.587      1931704 
          L159N-H    121.837      7.327      2264303 
          V160N-H    119.633      7.677      3467863 
          R161N-H    118.535      8.073      1814811 
          E162N-H    119.377      8.306      1873359 
          I163N-H    122.658      8.406      1705502 
          R164N-H    119.491      8.635      1490692 
          K165N-H    117.115      7.789      4231744 
          H166N-H    118.111      7.823      2552265 
          K167N-H    118.687      8.041      3095243 
          E168N-H    119.605      7.845      3342774 
          K169N-H    126.469      7.571      7982219 
