      Assignment         w1         w2   Data Height 

              ?-?    110.382      7.412      4919685 
              ?-?    116.411      8.320      1187957 
              ?-?    118.077      7.196       897029 
              ?-?    118.127      8.415      1928139 
              ?-?    115.432      6.725      1098222 
              ?-?    128.471      7.971       871142 
              ?-?    115.431      6.544       910419 
              ?-?    115.040      7.412      4564475 
              ?-?    114.078      8.138      1740792 
              ?-?    128.010      7.923       863695 
              ?-?    113.964      8.606      3178508 
              ?-?    127.129      7.917       709824 
              ?-?    126.713      6.310      1455157 
              ?-?    118.820      8.785      2895012 
              ?-?    119.125      7.901       724908 
              ?-?    113.051      7.790      1412720 
              ?-?    113.007      6.902      3327213 
              ?-?    112.856      7.188       992512 
              ?-?    112.698      6.883       717821 
              ?-?    125.829      7.743      1671977 
              ?-?    112.418      6.885      5250507 
              ?-?    112.171      6.886       781892 
              ?-?    112.134      6.805      3864403 
              ?-?    111.838      7.406      8901934 
              ?-?    111.846      6.894      4294808 
              ?-?    120.359      7.952      2357420 
              ?-?    111.832      6.730      3055871 
              ?-?    111.540      7.522      4850692 
              ?-?    120.773      8.281      3751229 
              ?-?    111.543      6.934      3915656 
              ?-?    111.358      7.406       815123 
              ?-?    111.164      7.550      5368712 
              ?-?    121.217      8.706      2187619 
              ?-?    111.160      7.200      4614890 
              ?-?    107.279      6.584       744536 
              ?-?    111.168      6.881      4496087 
              ?-?    111.162      6.762      3379086 
              ?-?    107.292      7.837      1047424 
              ?-?    123.341      8.170      3710270 
              ?-?    121.410      7.959      1719739 
              ?-?    117.606      7.987      2665543 
              ?-?    110.379      6.818      4044432 
              ?-?    123.034      8.971      1020304 
            T2N-H    121.848      8.509      6664974 
            E3N-H    126.501      8.293      5725592 
            Y4N-H    121.283      8.713      2610194 
            K5N-H    123.754      9.145      2484102 
            L6N-H    126.627      9.342      2047543 
            V7N-H    121.336      8.047      2047385 
            V8N-H    128.893      9.353      2404768 
            V9N-H    120.402      9.278      2959339 
           G10N-H    105.728      6.450      2680430 
           A11N-H    120.426      9.067      3572331 
           D12N-H    117.732      8.117      3847181 
           G13N-H    111.887     10.817      3105898 
           V14N-H    112.425      7.619      4963214 
           G15N-H    108.984      8.461      2169222 
           K16N-H    124.774     10.407      2059921 
           S17N-H    120.412      9.305      2419371 
           A18N-H    125.084      9.502      1872330 
           L19N-H    120.289      9.039      2302544 
           T20N-H    116.770      7.709      1664860 
           I21N-H    120.253      8.881      2755526 
           Q22N-H    120.848      7.907      3062719 
           L23N-H    120.556      7.644      1830439 
           I24N-H    113.601      8.123      1714351 
           Q25N-H    116.170      9.012      1983831 
           N26N-H    115.874      7.981      2099312 
           H27N-H    111.677      6.785      2594149 
           F28N-H    121.883      8.423      3295700 
           V29N-H    125.228      7.688      3427003 
           D30N-H    121.771      7.689      2721254 
           E31N-H    118.995      7.633      4628241 
           Y32N-H    125.503      8.763      4821054 
           D33N-H    128.059      7.852      1221882 
           T35N-H    110.317      9.096      2690249 
           I36N-H    120.284      6.694      3432654 
           E37N-H     99.853      8.539      3402705 
           D38N-H    126.244      8.284      3361674 
           Y40N-H    124.727      9.339      2771758 
           R41N-H    120.248      8.386      7420493 
           K42N-H    121.551      8.691      1924731 
           Q43N-H    128.249      8.755      4504992 
           V44N-H    121.701      9.092      3124553 
           V45N-H    122.270      8.101      4652769 
           I46N-H    125.813      8.385      4359305 
           G48N-H    103.105      8.212      2138532 
           E49N-H    122.448      7.717      4572669 
           T50N-H    125.030      8.971      3194898 
           L52N-H    123.161      8.841      3441216 
           L53N-H    123.767      9.041      2212428 
           D54N-H    125.275      8.686      2141763 
           I55N-H    124.904      9.332      3554130 
           L56N-H    128.837      8.991      2233691 
           D57N-H    130.081      8.815      2521968 
           T58N-H    109.420      6.764      2945395 
           A59N-H    118.378      9.232      2704532 
           G60N-H    104.349      8.843      5107661 
           M72N-H    122.543      9.083      2037796 
           R73N-H    117.482      8.359      2501777 
           T74N-H    108.767      7.369      3575901 
           G75N-H    107.430      7.796      3730034 
           E76N-H    123.080      8.881      1645203 
           G77N-H    100.823      7.270      1928830 
           F78N-H    121.899      8.392      1993615 
           L79N-H    125.973      9.386      1775770 
           C80N-H    124.636      8.825      2490113 
           V81N-H    125.669      8.924      2998985 
           F82N-H    123.258      9.272      2144906 
           A83N-H    121.166      8.776      2776169 
           I84N-H    113.376      8.484      1976194 
           N85N-H    116.702      7.923      1819663 
           N86N-H    118.853      7.915      2126339 
           K88N-H    123.769      8.416      3590110 
           F90N-H    124.456      7.429      2479659 
           E91N-H    121.648      8.478      2288036 
           D92N-H    116.841      8.514      2141729 
           I93N-H    120.046      7.679      2840889 
           H94N-H    116.563      7.516      3576934 
           H95N-H    117.900      7.428      2738796 
           Y96N-H    117.026      7.544      1781574 
           R97N-H    117.615      8.589      1952575 
           E98N-H    118.223      7.994      2159821 
           Q99N-H    118.779      7.772      1972985 
          I100N-H    121.060      7.973      1781286 
          K101N-H    117.235      8.036      2116166 
          R102N-H    117.955      7.925      2561016 
          V103N-H    111.105      8.062      2430206 
          K104N-H    118.167      8.035      2423440 
          D105N-H    120.308      8.019      3598838 
          S106N-H    108.559      7.478      4787356 
          E107N-H    120.671      8.373      2908322 
          D108N-H    120.721      8.449      4387652 
          V109N-H    121.696      7.495      7753935 
          M111N-H    123.251      8.263      4116917 
          V112N-H    117.820      8.052      2394276 
          L113N-H    129.170      8.983      2059772 
          V114N-H    127.913      9.231      2708308 
          G115N-H    113.036      8.177      1932906 
          N116N-H    121.201      8.788      2475005 
          K117N-H    112.127      7.338      3915157 
          C118N-H    114.056      8.692      1909038 
          D119N-H    116.670      8.622      1591720 
          L120N-H    121.294      7.828      2557605 
          S122N-H    112.860      7.239      3564494 
          R123N-H    119.954      7.898      3775417 
          T124N-H    113.790      9.029      2681589 
          V125N-H    123.909      7.593      3555574 
          D126N-H    128.066      8.578      5491209 
          T127N-H    121.108      8.690      2955727 
          K128N-H    120.248      8.386      7420493 
          Q129N-H    117.339      7.374      3813236 
          A130N-H    122.050      7.139      2659379 
          Q131N-H    117.552      8.430      2553295 
          D132N-H    120.122      8.501      1954254 
          L133N-H    123.328      7.556      2539172 
          A134N-H    121.190      8.251      2190657 
          R135N-H    117.953      8.492      2726613 
          S136N-H    117.355      7.971      3233053 
          Y137N-H    119.286      7.646      2804393 
          G138N-H    110.854      8.312      2749757 
          I139N-H    112.940      8.066      2618272 
          F141N-H    120.019      8.241      2800573 
          I142N-H    129.599      8.424      2402029 
          E143N-H    124.811      7.767      3772359 
          T144N-H    111.858      8.782      2785844 
          S145N-H    112.377      8.810      2079054 
          A146N-H    132.097      9.161      1899989 
          K147N-H    115.998      7.020      1702391 
          T148N-H    106.255      7.703      1794500 
          R149N-H    119.337      7.804      2227530 
          Q150N-H    124.011      7.833      3125760 
          G151N-H    115.011      8.878      3804377 
          V152N-H    120.480      7.081      3641036 
          D153N-H    116.830      8.002      2875290 
          D154N-H    116.005      7.996      2586540 
          A155N-H    124.277      8.597      2244968 
          F156N-H    112.547      7.285      1927959 
          Y157N-H    119.094      9.591      2094098 
          T158N-H    116.183      8.558      2744169 
          L159N-H    121.369      7.288      2774670 
          V160N-H    119.182      7.707      2271750 
          R161N-H    118.594      8.204      1986764 
          E162N-H    119.286      8.321      1791822 
          I163N-H    122.566      8.368      1832922 
          R164N-H    119.012      8.590      2291398 
          K165N-H    116.901      7.759      3530131 
          H166N-H    117.936      7.838      4638102 
          K167N-H    118.570      8.005      5328547 
          E168N-H    119.438      7.847      6331262 
          K169N-H    126.273      7.582      9622853 
