      Assignment         w1         w2   Data Height 

              ?-?    118.852      8.431        51668 
              ?-?    113.201      6.901       444133 
              ?-?    112.715      7.643      1866889 
              ?-?    112.715      6.918      1558214 
              ?-?    112.687      7.920       315971 
              ?-?    112.699      7.159       523632 
              ?-?    112.371      7.608       262890 
              ?-?    112.143      7.325      1389245 
              ?-?    112.137      6.800      1386314 
              ?-?    111.863      7.454       204661 
              ?-?    111.813      7.405      1622144 
              ?-?    111.811      6.706      1202554 
              ?-?    111.518      7.515      1747206 
              ?-?    111.521      7.330       317745 
              ?-?    111.514      7.359       292547 
              ?-?    118.104      7.189       514009 
              ?-?    111.508      6.924      1523499 
              ?-?    111.316      7.328      1817201 
              ?-?    111.308      6.780      1538583 
              ?-?    125.488      7.874       277595 
              ?-?    118.716      7.737       248582 
              ?-?    111.160      7.531      2100240 
              ?-?    111.162      6.872      1631092 
              ?-?    111.152      6.761      1164047 
              ?-?    129.768      9.437        85242 
              ?-?    111.115      7.190      1483704 
              ?-?    110.783      7.073      1514947 
              ?-?    110.782      6.714      1041944 
              ?-?    110.779      6.663       292929 
              ?-?    110.279      7.392      1713374 
              ?-?    110.278      6.851      1178947 
              ?-?    113.134      7.440        20729 
              ?-?    120.834      9.003       219487 
              ?-?    120.853      7.485       274488 
              ?-?    107.328      7.816       308398 
              ?-?    107.346      6.560       254228 
              ?-?    121.416      8.000       244259 
              ?-?    123.079      8.941       415090 
              ?-?    102.295      7.491       214949 
              ?-?    121.559      8.405       327459 
              ?-?    122.170      8.015       512556 
              ?-?    122.477      8.062       695844 
              ?-?    113.205      7.779       500071 
            T2N-H    121.863      8.508      1478887 
            E3N-H    126.537      8.297      1770082 
            Y4N-H    121.474      8.742       731624 
            K5N-H    124.199      9.145       774235 
            L6N-H    126.565      9.565       536596 
            V7N-H    119.993      7.887      1795855 
            V8N-H    128.899      9.000       784832 
            V9N-H    120.826      9.204       851495 
           G10N-H    107.298      7.172      1592808 
           A11N-H    124.124      9.159      1206698 
           D12N-H    118.529      8.425      1414058 
           G13N-H    112.906     11.017       811246 
           V14N-H    114.125      7.853       918994 
           G15N-H    110.208      8.865       643810 
           K16N-H    125.847     10.744       550322 
           S17N-H    120.184      9.459       721992 
           A18N-H    125.273      9.519       673161 
           L19N-H    120.126      9.033       985932 
           T20N-H    116.678      7.732       899579 
           I21N-H    120.515      8.940       950637 
           Q22N-H    120.648      7.855       157300 
           L23N-H    120.544      7.666       650388 
           I24N-H    113.904      8.066       692687 
           Q25N-H    115.980      9.003       745749 
           N26N-H    115.921      7.985      1574057 
           H27N-H    111.669      6.793      1160471 
           F28N-H    121.860      8.423      1101812 
           V29N-H    125.805      7.703      1186416 
           D30N-H    121.800      7.711       971360 
           E31N-H    119.026      7.682      1279918 
           Y32N-H    125.444      8.777       922520 
           D33N-H    128.351      7.864       793731 
           T35N-H    110.002      8.936       756058 
           I36N-H    120.634      6.892       824201 
           E37N-H    131.735      8.367       736646 
           D38N-H    124.039      8.155      1113704 
           S39N-H    113.881      8.410       923581 
           Y40N-H    121.178      9.104       625205 
           R41N-H    119.802      8.357      1445496 
           K42N-H    121.618      8.629       553481 
           Q43N-H    128.474      8.798      1689542 
           V44N-H    121.566      9.091       849781 
           V45N-H    122.164      8.109      1551955 
           I46N-H    125.782      8.358      1364104 
           G48N-H    103.123      8.212       750033 
           E49N-H    122.396      7.705      1719105 
           T50N-H    125.083      8.966      1051534 
           C51N-H    124.753      9.348      1267413 
           L52N-H    122.951      8.834      1048315 
           L53N-H    123.730      9.078       768847 
           D54N-H    125.380      8.704       862491 
           I55N-H    123.630      9.185       670165 
           L56N-H    127.241      8.704       551495 
           D57N-H    128.852      8.481       702833 
           T58N-H    110.030      6.846       998940 
           A59N-H    122.164      8.955       976975 
           G60N-H    110.129      9.055      1273834 
           Q61N-H    118.955      8.540      1264157 
           E62N-H    120.186      8.611       561436 
           E63N-H    120.078      8.252      1108050 
           Y64N-H    120.399      8.251       954985 
           S65N-H    120.233      7.838       195445 
           A66N-H    128.478      8.819       650204 
           M67N-H    117.421      8.284       844105 
           R68N-H    120.638      7.911      1506673 
           D69N-H    118.113      8.175      1383638 
           Q70N-H    117.271      7.835      1829173 
           Y71N-H    119.891      8.341       981860 
           M72N-H    118.371      8.670       711946 
           R73N-H    115.053      7.954       965835 
           T74N-H    107.845      7.929       893147 
           G75N-H    111.016      8.022       877862 
           E76N-H    121.654      8.904       422210 
           G77N-H    100.530      7.187       673214 
           F78N-H    121.119      8.197       645661 
           L79N-H    126.581      9.242       648473 
           C80N-H    124.470      8.765       762519 
           V81N-H    126.076      8.990       966324 
           F82N-H    123.093      9.282       767738 
           A83N-H    121.189      8.795       863420 
           I84N-H    113.378      8.489       655936 
           N85N-H    116.809      7.927       709610 
           N86N-H    119.347      7.943       918506 
           K88N-H    123.916      8.394      1565717 
           S89N-H    114.162      8.097       709682 
           F90N-H    124.257      7.430       701573 
           E91N-H    121.536      8.456       869803 
           D92N-H    116.822      8.513       798647 
           I93N-H    120.421      7.627      1347471 
           H94N-H    116.662      7.623       748572 
           H95N-H    117.135      7.250      1338264 
           Y96N-H    118.497      7.697       729648 
           R97N-H    118.659      8.529       819080 
           E98N-H    117.425      7.911       717898 
           Q99N-H    119.306      7.828       359172 
          I100N-H    119.720      7.793       547325 
          K101N-H    117.268      7.827      1829173 
          R102N-H    117.281      7.772       872196 
          V103N-H    117.691      7.990       711020 
          K104N-H    116.575      7.991       891598 
          D105N-H    120.537      8.014      1266373 
          S106N-H    109.124      7.576      1875869 
          E107N-H    120.861      8.373      1234919 
          D108N-H    120.699      8.377      1543043 
          V109N-H    121.445      7.553      2281532 
          M111N-H    122.630      8.189      1355712 
          V112N-H    117.654      8.061       810456 
          L113N-H    128.495      8.949       718031 
          V114N-H    127.803      9.251       949622 
          G115N-H    113.026      8.218       760534 
          N116N-H    121.289      8.833       823282 
          K117N-H    111.855      7.332       765967 
          C118N-H    114.001      8.696       629842 
          D119N-H    116.664      8.626       559300 
          L120N-H    121.352      7.821       736472 
          S122N-H    112.881      7.237      1536932 
          R123N-H    119.993      7.887      1795855 
          T124N-H    113.891      9.007       896588 
          V125N-H    123.976      7.592      1186469 
          D126N-H    128.040      8.565      2207885 
          T127N-H    121.047      8.680      1143073 
          K128N-H    120.170      8.373      1566266 
          Q129N-H    117.371      7.368      1113093 
          A130N-H    122.061      7.135       809957 
          Q131N-H    117.475      8.420       797219 
          D132N-H    120.135      8.501       766391 
          L133N-H    123.306      7.548       896162 
          A134N-H    121.270      8.250       819905 
          R135N-H    117.985      8.493       895104 
          S136N-H    117.402      7.958      1034647 
          Y137N-H    119.460      7.630      1028644 
          G138N-H    110.706      8.309       861717 
          I139N-H    113.005      8.065      1003164 
          F141N-H    119.942      8.237      1173498 
          I142N-H    129.680      8.432       753145 
          E143N-H    124.799      7.762      1100384 
          T144N-H    111.998      8.808       881647 
          S145N-H    112.328      8.798       732699 
          A146N-H    132.199      9.172       643310 
          K147N-H    116.004      7.033       626719 
          T148N-H    106.242      7.702       627921 
          R149N-H    119.460      7.832      2408589 
          Q150N-H    123.965      7.832      1059240 
          G151N-H    114.961      8.869      1260290 
          V152N-H    120.400      7.062      1272568 
          D153N-H    116.714      7.967      1019679 
          D154N-H    116.083      7.981       579425 
          A155N-H    124.384      8.594       887855 
          F156N-H    112.660      7.236       860242 
          Y157N-H    119.261      9.566       830882 
          T158N-H    116.180      8.582       957767 
          L159N-H    121.590      7.293       959560 
          V160N-H    119.279      7.687       762454 
          R161N-H    118.595      8.173       631437 
          E162N-H    119.349      8.312       574684 
          I163N-H    122.615      8.352       530083 
          R164N-H    118.970      8.554      1326712 
          K165N-H    117.014      7.767      1307204 
          H166N-H    117.865      7.840      1330645 
          K167N-H    118.530      8.011      1637175 
          E168N-H    119.096      7.837       678258 
          K169N-H    126.312      7.580      3448451 
